SYMBOL	GSM995221_AD01M001.CEL.gz	GSM995222_AD01M002.CEL.gz	GSM995223_AD01M003.CEL.gz	GSM995224_AD01M004.CEL.gz	GSM995225_AD01M005.CEL.gz	GSM995226_AD01M006.CEL.gz	GSM995227_AD01M007.CEL.gz	GSM995228_AD01M008.CEL.gz
Il1r2	9.70996085708958	9.499286450751082	8.653889303868064	8.677314646069375	6.766613470407129	7.282545606692835	7.030206641669894	7.114095037386811
Il1rl1	10.869457230817162	10.595727313994875	9.412765122965947	9.279133446860865	6.696681466390055	6.555740653688755	6.561949718719749	6.557071263195733
Il18rap	8.661484345148986	8.59649941781726	7.772801267783164	7.761332730608121	6.9757096403189	6.711794305628533	6.9871407408255095	6.770076907382548
Icos	11.556231662327864	11.62564656339504	11.010890884198988	10.862727420035196	8.990778336603638	9.69569508340462	9.515691463820417	9.177715887004345
Fam129a	10.466854596675796	10.324923835079774	9.845083056754689	9.640510963686602	8.449837955016564	9.240954730315966	8.827235555656925	8.570377217283648
Rgs16	10.649959838790101	10.630797529447916	10.320202160212125	10.1545700311639	9.282056974599843	9.599733190510387	9.57940290735684	9.278177284390063
Atp2b4	9.117162976395251	8.991074241415873	8.25824575118202	8.153323015821371	6.992347633549986	7.304221670656679	7.28595060986348	7.024062695109537
Rgs2	7.547239389714183	7.436535561467812	7.4085030147674225	7.322127037522831	8.063296249281679	8.964161286868025	8.614743434541367	8.622892344381025
Lamc1	10.70224742175742	10.552901434764461	10.069299064550819	9.953794239725129	8.32966506431006	8.590776494037906	8.49962830017956	8.183736500797846
Atp1b1	6.386462894754476	6.339976795661855	6.5678293138142925	6.643871962437703	7.236072706999832	8.179827357516821	7.82225752759633	7.50244177254495
Stx11	10.675645759339208	10.490302776557527	9.495685532458488	9.463264249944656	8.284234723547447	8.639903799452048	8.505921661271428	8.290421820190334
Prdm1	9.176050000400714	9.015886566476627	7.875693085983958	7.6663348103492135	6.5033590077058685	6.374129725827748	6.423490822417543	6.44606767833422
Tspan31	10.426905623996923	10.40592998103553	9.78301343131875	9.728327976949604	8.871184951802316	9.129987982239076	8.891907839449377	8.863842637901985
Nsg2	7.270045324480755	7.365424745518734	7.6709308933618345	7.72541953707273	8.598995364349681	9.162470026006641	8.921951156396972	8.514672605445034
Gm2a	11.317776108492177	11.457603660240542	10.400377041636457	10.398170560096235	8.89356273581018	9.362260012944187	9.1175209404098	8.65102453742938
Itgae	10.908068378819886	10.95480638421311	10.399010875627768	10.139959164920061	7.51573061653213	7.844437703288624	7.481505737099779	7.576700563121907
Cep112	7.534501570099852	7.448731488588452	7.1884546364523025	7.090544286127287	6.316253677419838	6.241497022633654	6.435990915715402	6.254031308433013
Mdh1	11.304642110096168	11.166539710002098	10.842794421232066	10.870081547580533	9.575214089676958	10.3310226054404	10.191200420140223	9.682789968035307
Tcf7	8.127923111285764	8.155842195937613	8.884032264697991	8.87581663993613	9.704959419078476	10.219100864594555	9.964880484857817	9.699853401298476
Anxa6	11.751898371402998	11.666396203419762	11.136681944962127	11.032389638198238	10.128216254029624	10.456912534072753	10.092975233787673	9.645892368352726
Cpd	9.492589897377014	9.310534103675957	8.904386618824478	8.620236362864123	6.894576616699687	7.101761103803228	7.3447177488060875	7.105921577648254
Top2a	10.326456442665522	10.295760703283657	9.113053983244338	9.053606781347064	7.800407358660777	8.286604610990848	7.926261374319889	7.778600487194023
Ccr7	9.29360752523111	9.108965237228412	9.367355460865213	9.423489991246178	9.88159633974361	10.432321997966213	10.323770126590295	10.052845779557062
Lgals3bp	9.10967981743049	8.928897830758826	8.373974663230083	8.381822535621824	7.726499955828856	7.352138923064674	7.405192450303621	7.717673208773059
Evl	8.985041338002855	9.096408490761423	9.197884411110909	9.358587291232602	9.889994307958903	10.572776652203089	10.240480646398252	10.003068585604948
Id2	9.863252637437185	9.718521064059612	8.620287099044349	8.452518170380587	6.4738809109267494	6.77979002835675	6.270071722048558	6.255440711755584
Hdac9	6.652563281745321	6.816460048516698	7.299759538784921	7.277399888541385	7.912018495965457	7.98142924439908	7.939660199739362	7.951885333265844
Ahr	8.92201026613833	8.829376257961318	8.445949098475875	8.38459960869484	7.801838109088692	7.646251794355873	7.735082905350283	7.833779659723462
Actn1	7.853039059665886	7.630092668435323	8.39739782302576	8.246589380707299	9.59582063714103	10.174922526079403	9.9109979796706	9.570944810602336
Gpr68	10.38073867219447	10.226982101377315	9.592708137932739	9.513766276944827	8.234718091025215	8.603271461839672	8.44871573171991	8.357193990048138
Lgmn	8.834137627427854	8.99274428971984	8.247116394890746	8.301674842716944	7.430441547123409	7.4358906200369725	6.998200654244932	6.904802276801741
Pcsk1	7.647557646729364	7.697643930908576	7.597879478956802	7.742565967943104	7.179071301094096	6.839808478293801	7.058905018284953	6.981200228016918
Glrx	9.943278034770929	9.792756479729896	8.539979061515364	8.24116006052159	6.828749189846052	7.243690803196195	7.034122110235039	6.948169044388846
Hist1h1b	12.047299111791485	11.983060379028172	11.021796020124867	11.07205748988932	9.529232982666358	10.298392653749822	9.759600739725801	9.446799413121672
Serpinb6a	9.163732587344574	8.99297789138809	8.675344366024577	8.616155447159262	7.725178196501933	8.034970222573367	7.981148502826727	7.813597988936688
Atxn1	9.442579561582402	9.527505514883119	8.974548641669466	8.795703628707832	7.62871963366948	8.146860793597194	7.75529953551789	7.82362322326226
Flnb	9.423845915451986	9.436034458115943	8.936641658823625	8.73694206041965	7.986526124886813	8.194880106377548	7.9188784403719366	8.02059691669217
Lgals3	9.752215511601417	9.689400187287006	9.064219433500798	8.738633774920453	7.7168647541793165	7.5916912150107745	7.897432638750634	7.820995147660431
Lpar6	8.797339268908718	8.797950541662894	8.766839210666753	8.577911196068563	7.605595824960494	8.124037061736683	7.558344601501107	7.7087275155582216
Gzmb	10.734922101911916	10.758351251283417	9.030268634744655	8.758360200093353	6.5901098839939465	6.1513122249357846	6.426821889484067	6.334490081981841
Tbc1d4	7.243137464075205	7.298726566952014	7.5085387826786105	7.745459160701419	8.291741135953158	8.61370057018233	8.19892742042749	8.28041925571642
Matn2	7.160317971274877	7.217974604699791	7.448049059481281	7.502512680846997	8.05441166714003	8.547978940649319	8.229850267036147	8.136222044813591
Lgals1	12.14179438241495	12.01665869005355	11.315624694370825	11.304062737771634	9.66526581495943	10.157958799328142	9.91087228447773	9.52135003893072
H1f0	10.239771732928038	10.279020583862279	9.380522161294929	9.264804529456217	8.071714050487582	8.537133767524626	8.472787458101394	8.118517770949953
Il7r	10.766957061562799	10.698488395330239	10.286732872965784	10.180900741121313	8.340014737390355	9.342959447461645	8.442825494288329	8.905024082355006
Ly6a	12.329313424991398	12.425790425803907	11.181955947317084	11.022248783383835	8.090390128591958	8.388369261765202	8.083464109854841	8.387150416161287
Cd200r1	8.722183325425132	8.641051050120524	7.56888271940714	7.556484715109439	5.8551323234139385	6.452499132293825	5.960779865012678	5.862073882593437
Cpox	9.811195578263346	9.586827984469483	9.160520700759712	8.787457539872662	7.560568077577221	7.570068519878216	7.689191042980619	7.699326478475369
Cldnd1	12.018280608888846	11.930077249643357	11.723027167354932	11.62871389972941	9.067842097067976	9.873291814535772	9.748266130993676	9.475115003492512
Tigit	11.142259656264887	11.254207403399644	10.433585251339093	10.392004816528395	8.797069848443632	9.62247354419485	9.44308286250466	9.087842694809178
Myo1f	8.8632330256723435	8.791788804130451	8.389924322574043	8.32673165655347	7.488603474162794	7.357131740723801	7.404790819520998	7.40903286320403
Eif2ak2	9.108384503198282	9.006712188133672	8.207474651769129	8.098614471679095	6.9270170112569485	7.436891633813201	6.984943840882201	6.804675634375031
Ttc39c	10.299032540170188	10.206066425838063	9.017575308813749	8.83028491124147	7.098075936303352	7.109266905778159	7.261703330580719	7.233373184262696
Cd74	9.706221515659532	9.561611626217026	8.539360683264164	8.429558006821143	7.0017654800666955	6.840998866171221	6.76785014097485	6.6582366735239775
S100a11	11.09478367635955	10.996409721721948	11.001380358967094	10.995976861879463	9.742090961544273	9.904162554368042	9.921983801573845	9.803848136559647
Entpd1	6.187053415465979	5.642028973317614	6.428645566054759	6.303937381407222	6.48303447867914	6.097888278209068	6.392346146622624	6.315316667973166
AW112010	12.031679508254841	12.02709276036887	10.579895749936888	10.443648315460166	8.37827853178538	9.466179118150615	9.229686947574777	8.719927082286436
Vim	12.04260445227461	12.06320769773043	11.525750711587204	11.468953273444402	9.438066269165708	10.23478787998986	9.908326559310636	9.558664561343667
Gm14085	8.223600298483252	8.348537716996733	8.699970047609066	8.87729629001823	10.029333558769878	11.39387955731846	10.582077981382339	10.593490051409905
Gata3	11.341040349458117	11.327359879026773	10.544602315108008	10.48488023841971	8.920907530440083	9.30547389998019	8.856778894413829	8.743709571749477
Neb	8.921859175412852	8.968874877328243	8.521290266424836	8.46045532661374	7.179542877186669	6.986842866459576	7.081998543112505	7.199576528396004
Arl5a	11.439631201805735	11.396712592574715	10.405826904565364	10.236979526007513	7.894508894648157	8.607190284436633	8.18319504735251	8.051836265827841
Cobll1	8.658376356730328	8.46793589095612	8.316648615034008	8.440110060444217	7.773560128613598	7.624861209497289	7.727120878001586	7.66617123367382
Cd44	9.63013253101002	9.51376446223951	8.854059234149616	8.770239085584329	7.228112062343502	7.684627758998541	7.413523976078733	7.330300409764231
Ehd4	9.191426095875354	9.306229471966349	8.46191975317155	8.272163990216255	7.4228793331496785	7.475271747705612	7.336367450750034	7.4506442432413
Frmd5	9.8618300797572	9.718608759016659	8.643542275350672	8.697763004726662	7.805941179043309	7.204850200691744	7.313677737055142	7.405714014815182
Serinc3	12.70725961319286	12.717290744382286	12.31535921172401	12.290878050504876	11.208608995367623	11.763854815631484	11.568956166156946	11.457057960069989
Tnfsf10	9.919057512468589	9.831625546193889	8.462539620407664	8.299157566833408	6.790074464451023	7.1528850699881446	6.9328117252101356	7.120744516129567
S100a4	7.8956662814057195	7.764962158110836	7.776365104734964	8.084374637265832	6.745736003825443	6.756398425353237	6.726283451418688	6.743451612061403
S100a6	10.274146014640412	10.04353288928188	9.42771560672988	9.378964709159481	7.352296604498136	7.633883426938232	7.2759249370415136	6.968247071689724
S100a10	12.451606073183253	12.401575818915326	12.289654767788374	12.306672399909875	10.825954557815397	11.744327846723433	11.480618970586022	11.07435372804451
Gbp7	11.053306854408923	11.096993323871715	9.980714950291722	9.744304935689415	8.106369446208765	8.823278931287076	8.447908651853384	8.516677879749237
Gucy1a1	6.982008959005265	6.826504737416103	7.395519436524399	7.490810981377601	8.226408861921074	8.53377727524523	8.475226074956165	8.110832748532902
Il6ra	8.818089969964634	8.618887146784056	8.706926013885415	8.709820640446841	9.358912678234965	10.099833741268093	9.72639658227154	9.616868342870083
Lyn	8.22403937570571	7.8269366046808555	7.542764601626072	7.328636297483649	6.142344444263799	6.212025024767547	6.566757796564034	6.665118502175337
Chd7	8.240400197876173	8.557147261070297	7.9128217595851575	8.051176417845744	7.456210875331073	7.888375878099922	7.745747873248175	7.43513274924838
Bspry	8.130545462462889	8.07487002985728	7.761280275290509	7.8084627507731135	7.284492019804007	7.063307418161848	7.220285134184247	7.176043310034005
Penk	12.099248715346825	12.153459485150336	10.64913752134961	10.481389164614217	7.521117541062699	7.585836127380335	7.371749343257785	7.621777964697336
Atp6v0d2	8.468510774963613	8.382442368623868	9.116159394999713	8.951479950512507	6.923262782554815	7.132950253450902	7.1095349932837255	6.851296934530022
Plin2	9.61754779714783	9.495456588338513	9.256370902072781	9.135561419059446	8.433164828360017	8.559439031996414	8.315830433435131	8.184071516804037
Ncmap	8.435558580839984	8.468307433628642	8.13808182475049	8.161982126386397	7.227492695268858	7.031566411095729	7.317170564015121	7.2906121914628965
Tnfrsf1b	11.059460769876159	10.95501764207392	10.510884392658786	10.339386998948719	9.19604849568657	9.702089727286051	9.644192278066535	9.176376435082307
Fgl2	9.146037795320273	8.917452507687981	8.219728074800798	8.374788363199302	6.27367525274571	6.84297426213206	6.931263288814138	6.448055178639332
Pvrig	8.137557793510975	7.962666518582192	7.657822738882508	7.540772426990469	7.093191949660173	6.732192215568811	6.928171238056249	6.981753915628232
Adap1	9.122662852844956	8.785055823103724	8.012667641180775	7.978685191043613	6.9841643752960465	6.90378178830049	6.991233102688289	6.97691333733045
Capg	11.963532076572982	11.856979652507711	11.198196383133444	11.239781916445343	9.651555321773337	10.391119514812932	10.26600879368683	9.636090415780039
Itpr1	9.374428309727676	9.270002872115725	8.804123072382822	8.69693046631037	7.750125001967247	8.21945218061955	7.796666518723869	7.752066370388764
Pparg	8.898648759693959	8.776011828000119	8.020462790037573	7.898561321485873	6.715364212827701	6.867074252254117	7.100447224322291	7.088220053614968
Hipk2	10.651711369385348	10.583139799495685	10.011489531739759	9.944676071300272	8.995603903635633	9.334739367243404	9.238406883851853	9.079788119176763
Osbpl3	10.177561912234056	10.077042193397649	9.188490749806098	9.167333242280767	7.8538697738462115	8.101828436147594	8.021467130624242	8.063748657139048
Foxp1	8.585780585458759	8.631418874423396	9.058062817202458	8.869883841808457	9.694401450897072	10.433602711628629	10.121996859667213	9.80903510794652
Klrg1	11.49384280036259	11.469749775325212	10.94013704025202	10.763223143188553	7.494199075279923	7.1506600918793755	7.190308598191077	6.94631815478593
Cd9	8.655836498253807	8.535473468266295	8.478351649296906	8.476750400233351	9.195140833345217	10.058729666545895	9.73969828826771	9.44239750518262
St8sia1	7.069850115720619	6.845215196205157	7.497272975029336	7.391397993257073	8.128483138180195	8.844642007341571	8.441894818836559	8.287535082033806
Axl	9.170460261602654	8.963858444013445	8.766653089237591	8.720579843969828	7.51074200722697	7.705150483558417	7.595096870473946	7.720633123478143
Rbl2	10.031364735474119	10.081030634790803	9.69276937937386	9.796810631991294	8.83507546116358	9.315488780372625	9.114531766598489	8.871524508384958
Rln3	10.602679760476772	10.378531331589262	9.415479695798872	9.419962165209798	8.261422364853255	8.403340876035688	8.356164597519001	8.159636123070678
Mlkl	8.30003862310717	8.052814728007409	7.638691609748595	7.157820268847473	6.628866247091445	6.332461625794332	6.49818277586595	6.368121405737373
Casp1	6.821881539712435	6.605771303344913	6.4401125222226	6.46399426758555	5.579600687146263	5.360328950561487	5.68863674538218	5.743872341281161
Arhgap20	6.8717000141970175	6.769892864606691	6.925086317024974	6.990722245456067	7.669943873792489	7.850685792945363	7.406143369057721	7.675074390736066
Rora	9.051852340935298	8.973796769483732	9.109956687313181	9.158779413799657	8.127251261773367	8.188486815532102	8.094238217047725	8.086131777218405
Plscr1	9.03545327952266	8.936971013043475	8.257868897619618	8.257830561698702	7.7912842495322785	7.584329591207974	7.812648902077573	7.762034235846574
Ccr8	11.684900229832193	11.702671771324988	10.16143086571692	10.016326126075132	7.8582740898419985	8.721086381270137	8.543142388758433	7.7485236603922205
Cxcr6	9.213400619071665	9.124044728986323	8.418149836706922	8.621200317622435	7.035549129542159	6.715044516956966	6.905252016715663	6.8859476855457
Ccr3	7.597659635591091	7.56958326793949	8.013622380043989	8.308429610833814	6.392966240981137	6.7703044194973705	6.802682786903817	6.64036658956252
Ccr2	10.040920350920535	10.142995567136397	9.27916337573215	9.095334979342448	6.379009536977416	6.3981367655192685	6.4269889928774075	6.233276783892819
Ccr5	9.537594066988826	9.479826719739108	8.246926710191214	8.228279248210432	6.714699394717963	6.93572438372046	7.000955373230901	7.114765398614718
Acsbg1	9.397357339455194	9.254881069748151	8.991667529410304	8.969545222061491	8.214751798129711	8.238490247230839	8.188921419908239	8.037529456848691
Hacd3	10.513744369613232	10.5378711697341	10.041211367049462	9.828854221604166	8.292859898533404	9.135478715941757	8.874374941928968	8.567567787946444
1110012L19Rik	7.791684153296328	7.612788295968156	7.311278377959489	7.213392222855795	6.745311538995875	6.96365399656246	7.231112280186436	6.993155431726935
Chic1	6.5357390188995534	6.748662315561592	6.010324285973957	5.927568433061789	5.506637765583555	5.661275310885657	5.540445072477204	5.534249436256219
Zcchc18	7.78202861746851	7.729966861296362	7.542205712644836	7.515509024057041	6.924041281546696	6.902947994266853	6.9067795636350215	7.06715397720778
Klf8	6.1418330023174885	6.18348445720808	5.974808614350605	6.171453503289698	5.45155955258463	5.517923778003539	5.558354682494857	5.441452298533954
Xist	10.704908743090249	10.762174740915961	10.01646577308669	9.963535156840324	5.948294677367717	5.57809628314567	5.912935094004966	6.037354006300676
Itm2a	10.246815830492547	10.131841513295736	10.363624326719213	10.373395761154917	11.602597194281739	12.142986047618733	12.12343625155027	11.652464267952645
Car5b	9.034407220540526	8.928185394785281	8.154023849486434	8.075057824666162	6.164518240958752	6.684914345562069	6.554040263277113	6.465099598249978
Kdm5d	5.266166249548653	4.8815283834706165	5.171647933686363	5.446642697351699	7.2256279392666105	7.744294388034339	7.215589485210851	7.266063516738817
Eif2s3y	4.727372806090267	4.554805179122193	4.5183266421640385	4.440275077192351	7.655315490485499	9.40388749946382	8.539160274231632	7.723188788970335
Uba1y	5.039694585544381	4.709453417038217	4.638584085966907	4.91663053374604	4.998892240463705	5.266047155239138	5.1082779200698445	5.507265165087818
Uty	4.580742353673716	4.566542073024333	4.386064450942502	4.720571861025616	6.615229542977282	8.052483404175316	7.2342022034609	7.077630659742922
Ddx3y	5.1199592816392085	5.203796303198356	5.028490135064622	5.231522460763911	8.117813916402481	9.310649612078912	8.89079046151878	8.545939566919444
4932431L22Rik	4.754488592379255	4.718680162782773	5.467590569205326	5.459663459070246	8.983026447367793	7.86453192583147	8.711749869891467	8.654386491328077
Gm20826	4.84606559455434	5.056876447559919	4.990708353195188	5.107706643716285	7.730168825157129	7.550922881325592	8.141173704038268	7.7520663703887625
